Age_of_suspected_COVID-19_vaccine_death
92
98
81
76
78
67
81
90
95
92
92
95
83
93
87
83
77
96
91
83
77
90
86
78
93
92
97
94
86
84
91
82
72
84
73
82
79
71
89
95
82
88
90
76
99
100
75
79
83
77
91
94
87
78
75
80
89
86
96
81
93
75
48
88
40
80
94
85
88
92
95
100
96
62
40
70
87
73
91
83
87
93
90
81
63
73
94
91
96
88
92
90
92
89
82
71
88
55
79
97
83
85
95
94
91
74
76
70
85
89
73
95
87
65
82
91
100
82
69
88
88
66
71
65
88
79
72
Null
100
68
71
79
84
50
95
81
82
85
96
87
77
67
92
72
95
79
70
88
83
Null
79
78
70
78
69
95
57
80
71
83
93
56
86
78
78
79
89
99
88
77
66
90
83
81
66
63
76
76
83
71
78
Null
76
76
83
73
85
83
83
73
90
93
70
88
70
79
70
91
92
85
58
56
70
92
95
90
88
75
66
45
73
77
94
55
92
60
68
65
91
95
89
98
84
87
99
68
78
91
80
69
52
71
70
95
78
71
79
96
82
68
43
96
75
74
88
89
92
67
55
73
90
67
80
96
78
96
66
61
89
59
79
94
70
Null
73
86
68
69
92
71
72
72
70
60
93
91
73
66
82
92
75
91
77
69
76
54
90
54
80
57
77
75
93
84
87
60
Null
52
94
57
62
60
91
86
70
76
68
87
80
91
74
83
64
71
69
Null
86
88
78
60
86
97
67
80
73
90
59
81
85
92
32
46
75
94
69
70
93
93
63
86
88
74
82
61
64
70
74
84
50
62
76
80
79
79
81
86
94
91
84
56
68
62
73
78
78
90
86
94
70
72
58
73
79
87
60
62
82
73
82
57
94
67
85
82
75
73
86
80
67
59
62
66
85
65
49
71
86
97
48
66
68
90
58
81
60
44
51
65
66
81
43
75
75
91
90
76
68
62
61
60
Null
80
65
81
42
80
85
64
76
77
77
Null
Null
86
76
92
78
91
72
87
50
34
76
71
65
78
87
80
76
50
80
89
76
86
82
77
60
50
29
85
52
98
87
90
73
99
74
98
76
79
77
70
73
81
60
80
56
61
89
86
81
73
45
93
87
85
66
85
81
65
71
67
95
69
80
87
78
92
84
89
56
94
79
44
63
70
45
49
91
67
89
41
76
67
44
87
73
64
57
59
69
58
66
54
54
78
76
43
50
76
17
83
74
41
84
82
60
79
62
67
69
92
85
71
77
91
83
75
48
60
Null
65
67
67
89
83
68
67
75
51
64
84
50
73
76
53
73
83
79
56
74
82
65
74
91
88
70
84
68
Null
46
19
76
80
52
75
64
57
69
76
73
81
Null
57
42
58
74
73
68
62
92
80
63
66
50
79
48
69
80
45
74
71
30
66
74
21
20
Null
44
56
83
65
84
63
34
14
68
76
76
86
59
40
54
54
65
62
78
86
18
77
43
70
72
45
76
69
54
71
66
54
67
53
90
87
90
58
57
56
75
82
70
64
Null
84
77
49
69
39
76
87
68
54
76
53
Null
29
35
52
43
66
77
80
82
68
93
37
64
79
60
94
75
65
Null
52
58
72
78
80
Null
74
33
63
87
Null
Null
66
77
72
77
94
72
77
61
54
90
74
95
53
78
89
90
70
Null
Null
80
23
48
Null
34
35
91
83
Null
44
72
86
70
35
42
87
68
92
90
58
90
53
85
Null
Null
15
62
84
81
95
74
75
81
72
49
75
72
77
73
69
82
95
82
100
90
73
73
82
82
92
67
88
92
78
65
78
57
88
91
88
95
41
94
83
70
58
71
86
79.
87
70
65
95
87
71
84
70
62
78
52
60
90
90
59
37.
76
93
91
61
91
94
70
84
91
60
88
67
82
85
52
48
69
71
61
70
66
84
85
43
72
80
44
64
50
Null
83
78
80
91
82
90
87
98
91
34
77
Null
89
86
60
46
66
92
67
56
58
87
66
83
78
60
58
57
85
48
60
Null
49
73
18
75
71
17
52
67
67
75
32
63
67
69
57
84
67
81
36
38
83
59
84
77
73
37
Null
70
42
Null
Null
76
67
12
83
61
37
72
80
78
36
25
48
33
70
62
54
54